0.05654 121.18326 3.97478 77.63988 124.4434 4.93357 77.6462 0.9593702840695106 0.282143932287552 0.0018599778772308685
0.03774 124.74302 3.9308 77.33509 124.44139 4.94223 77.36886 -0.28563776243062555 0.9578040857679345 0.03197502087374688
0.08272 121.76201 2.0157 77.47022 121.18348 3.97514 77.47363 -0.2831530964410394 0.9590733106146271 0.0016458561755078732
0.05902 110.77607 5.68737 77.94891 116.11096 7.23973 77.95198 0.9601764298383119 0.2793938410891053 0.0005523987955376491
0.05902 111.4408 3.22156 77.70941 110.7766 5.68605 77.69519 -0.26021704276437096 0.9655340707802488 -0.00557214657802705
0.05902 111.4408 3.22156 77.70941 110.01534 8.51071 77.67889 -0.26021631552427904 0.9655342692494062 -0.005571717866492384
0.04664 120.06906 7.40499 77.75985 120.11402 7.2466 77.97077 -0.004881666508933361 0.010959819907346013 0.9999280232495207
0.03415 120.68088 5.26718 77.78625 120.06906 7.40499 77.75985 -0.2750967339012021 0.9613428273868 -0.011906100488585133
0.03415 120.68088 5.26718 77.78625 119.34681 9.92867 77.7287 -0.27512386983606785 0.9613355594709575 -0.011865847761014521
0.04694 120.11504 7.24431 77.76184 120.06789 7.4073 77.97428 -0.005455928286782939 0.01077196097658453 0.9999270961941417
0.05654 122.61748 4.39658 77.64266 126.82099 5.63163 77.65083 0.9594982162057901 0.281708505168938 0.0018684788971346953
0.05902 111.0129 4.80926 77.70025 110.01534 8.51071 77.67889 -0.26021631552427904 0.9655342692494062 -0.005571717866492384
0.03415 120.11504 7.24431 77.76184 119.34681 9.92867 77.7287 -0.27512386983606785 0.9613355594709575 -0.011865847761014521
0.05854 120.50503 7.99837 77.96387 122.6752 8.59235 77.95694 0.9645198999103304 0.2639921574653255 -0.0030827704697363786
0.05815 120.50503 7.99837 77.96387 121.03586 7.96091 77.96664 0.9643602801044451 0.26457189446242957 -0.0033110145631596714
0.05815 120.50503 7.99837 77.96387 122.73038 8.4258 77.9608 0.9643603778425972 0.26457138071857883 -0.0033235751756209033
0.05854 120.50577 7.81548 77.96846 120.78231 8.07426 77.96299 0.9645221039724308 0.26398435686118915 -0.0030610915013381743
0.05854 120.50577 7.81548 77.96846 122.6752 8.59235 77.95694 0.9645198999103304 0.2639921574653255 -0.0030827704697363786
0.05815 120.50577 7.81548 77.96846 122.73038 8.4258 77.9608 0.9643603778425972 0.26457138071857883 -0.0033235751756209033
0.05386 126.36411 2.98328 77.41579 126.19428 3.56971 77.425 -0.27814772395798615 0.9604199614819054 0.015077839503299965
0.05386 126.31013 3.16969 77.41872 126.31013 3.16969 77.41872 -0.27811771466349033 0.9604283658841304 0.015096052314966581
0.05666 121.41018 4.26409 77.6554 126.79633 5.81886 77.65447 0.9607369503952836 0.27746078321027456 -0.00016101400957147506
0.06103 123.54012 2.19709 77.45513 123.35841 2.7842 77.45752 -0.29564631604965697 0.9552895666713004 0.0038858223358064032
0.06103 123.54012 2.19709 77.45513 122.98081 4.00427 77.46249 -0.29565239786863495 0.9552876617255947 0.0038913994105062326
0.06103 123.4771 2.40069 77.45596 123.4771 2.40069 77.45596 -0.29568556377954713 0.955277384727188 0.0038943036804070844
0.06103 123.4771 2.40069 77.45596 122.98081 4.00427 77.46249 -0.29565239786863495 0.9552876617255947 0.0038913994105062326
0.06103 123.35841 2.7842 77.45752 122.78022 4.65467 77.46507 -0.2947103536862114 0.9555791118077015 0.0037905813475688837
0.05785 110.97603 5.99524 77.93986 116.03752 7.45896 77.93966 0.9606374031844244 0.2778052881769819 -3.826211688681555e-05
0.05664 111.70315 3.20893 77.71006 110.92614 5.98517 77.69724 -0.26952017952469554 0.9629844650428129 -0.004448922923950566
0.04289 121.29959 1.8555 77.21445 120.62732 4.19857 77.15814 -0.2757203574450194 0.9609604149773439 -0.02309470365607266
0.05785 113.02471 6.58769 77.93978 119.10825 8.34697 77.93955 0.9606382213049048 0.2778024596434625 -3.441207932634188e-05
0.05664 111.59556 3.59336 77.70829 110.1378 8.80185 77.68329 -0.2695221105148441 0.9629823911573001 -0.00476930441393367
0.03716 111.05905 6.5706 77.69559 118.0425 8.57976 77.70623 0.9610165756731478 0.2764868853343002 0.0014640763623157528
0.05772 121.23458 1.55065 77.78336 119.884 6.19289 77.80271 -0.2793488435724695 0.9601813320109716 0.004004154387643702
0.05958 121.46062 1.61752 77.75124 118.63912 11.34667 77.72952 -0.2785286255581211 0.9604255342561279 -0.0021442699305862156
0.05772 120.74699 3.22661 77.79034 118.37581 11.37682 77.82432 -0.27935080736869794 0.9601807669078931 0.004002659444258549
