idx  group  line  radius  length  endP0x  endP0y  endP0z  endP1x  endP1y  endP1z
  0      0      0      0.06161     0.56501     123.29795    2.17228     77.47693    123.13757    2.71403    77.47193
  1      0     80      0.05645     0.15839     123.13757    2.71403     77.47193    123.14313    2.71217    77.63021
  2      0     14      0.05574     0.38967     122.92561    2.05746     77.47210    123.29795    2.17228    77.47693
  3      0     24      0.06575     0.19011     122.64181    4.39849     77.45412    122.61748    4.39658    77.64266
  4      0     86      0.05896     0.29681     122.92561    2.05746     77.47210    122.92631    2.06372    77.76884
  5      0     157      0.05654     1.49496     121.18326    3.97478     77.63988    122.61748    4.39658    77.64266
  6      0     11      0.05397     0.86045     123.14331    1.23108     77.76879    122.92631    2.06372    77.76884
  7      0     168      0.04714     0.27748     124.44340    4.93357     77.64620    124.44139    4.94223    77.36886
  8      0     187      0.06963     0.16625     121.18348    3.97514     77.47363    121.18326    3.97478    77.63988
  9      0     66      0.05994     0.10834     126.82099    5.63163     77.65083    126.86767    5.64662    77.74744
 10      0      8      0.03774     0.12965     124.74302    3.93080     77.33509    124.70599    4.05497    77.33924
 11      0     135      0.08272     1.89116     121.76201    2.01570     77.47022    121.22649    3.82946    77.47338
 12      0     96      0.03506     0.29676     124.70599    4.05497     77.33924    124.99058    4.13907    77.33692
 13      0     61      0.06237     0.21369     121.02787    3.75069     77.47636    121.22649    3.82946    77.47338
 14      0     22      0.07715     0.36472     120.86321    5.06714     77.47550    120.80285    5.30679    77.74373
 15      0     56      0.06663     0.10243     121.01356    3.64927     77.47569    121.02787    3.75069    77.47636
 16      0     125      0.06791     3.16007     120.80285    5.30679     77.74373    119.94235    8.34728    77.71313
 17      0     35      0.05998     0.24095     119.94235    8.34728     77.71313    119.93375    8.34403    77.95391
 18      0     119      0.05902     2.38815     110.77607    5.68737     77.94891    113.06912    6.35461    77.95023
 19      0     185      0.05861     0.24559     116.11096    7.23973     77.95198    116.11104    7.23898    78.19757
 20      0     186      0.05652     0.25915     113.06912    6.35461     77.95023    113.06795    6.35812    78.20935
 21      0     177      0.05902     0.25373     110.77660    5.68605     77.69519    110.77607    5.68737    77.94891
 22      0     153      0.05819     0.65984     116.11104    7.23898     78.19757    115.94267    7.87698    78.19956
 23      0     156      0.05401     0.63525     113.06795    6.35812     78.20935    112.88951    6.96773    78.20028
 24      0     132      0.05902     1.64437     111.44080    3.22156     77.70941    111.01290    4.80926    77.70025
 25      0     178      0.05937     0.25270     111.01290    4.80926     77.70025    111.01196    4.81047    77.95294
 26      0     122      0.05973     9.42092     111.01196    4.81047     77.95294    120.06789    7.40730    77.97428
 27      0     179      0.04694     0.21444     120.06906    7.40499     77.75985    120.06789    7.40730    77.97428
 28      0     161      0.03415     2.05665     120.68088    5.26718     77.78625    120.11504    7.24431    77.76184
 29      0     180      0.04664     0.20895     120.11504    7.24431     77.76184    120.11402    7.24660    77.97077
 30      0     123      0.05912     9.36648     111.12553    4.61266     77.95576    120.11402    7.24660    77.97077
 31      0     188      0.06161     1.75599     123.13757    2.71403     77.47193    122.64181    4.39849    77.45412
 32      0     189      0.05654     1.90325     122.61748    4.39658     77.64266    124.44340    4.93357    77.64620
 33      0     190      0.05654     2.47795     124.44340    4.93357     77.64620    126.82099    5.63163    77.65083
 34      0     191      0.03774     0.92634     124.70599    4.05497     77.33924    124.44139    4.94223    77.36886
 35      0     192      0.08272     0.15190     121.22649    3.82946     77.47338    121.18348    3.97514    77.47363
 36      0     193      0.08272     1.13800     121.18348    3.97514     77.47363    120.86321    5.06714    77.47550
 37      0     194      0.05902     3.16800     113.06912    6.35461     77.95023    116.11096    7.23973    77.95198
 38      0     195      0.05902     3.97909     116.11096    7.23973     77.95198    119.93375    8.34403    77.95391
 39      0     196      0.05902     0.90809     111.01290    4.80926     77.70025    110.77660    5.68605    77.69519
 40      0     197      0.05902     2.92550     110.77660    5.68605     77.69519    110.01534    8.51071    77.67889
 41      0     198      0.03415     0.16714     120.11504    7.24431     77.76184    120.06906    7.40499    77.75985
 42      0     199      0.03415     2.62518     120.06906    7.40499     77.75985    119.34681    9.92867    77.72870
 43      1      1      0.05959     1.97510     123.26360    10.61307     77.64873    122.69944    12.50588    77.65014
 44      1     164      0.05884     0.16547     123.26267    10.61267     77.81419    123.26360    10.61307    77.64873
 45      1     128      0.05810     3.08392     120.29729    9.76605     77.79549    123.26267    10.61267    77.81419
 46      1      2      0.05900     1.75978     120.79237    8.07735     77.79265    120.29729    9.76605    77.79549
 47      1     26      0.05736     0.46042     124.08809    10.83784     77.82216    124.07052    10.84347    78.28221
 48      1     76      0.06326     0.17066     120.79237    8.07735     77.79265    120.78231    8.07426    77.96299
 49      1     139      0.05854     0.28747     120.50503    7.99837     77.96387    120.78231    8.07426    77.96299
 50      1     200      0.05810     0.85562     123.26267    10.61267     77.81419    124.08809    10.83784    77.82216
 51      1     201      0.05854     1.96253     120.78231    8.07426     77.96299    122.67520    8.59235    77.95694
 52      2      3      0.06212     2.17287     123.51338    10.49901     77.65277    122.89999    12.58349    77.65872
 53      2     89      0.05545     0.17640     123.51338    10.49901     77.65277    123.48615    10.46599    77.82390
 54      2     149      0.05970     2.21173     122.89999    12.58349     77.65872    125.02808    13.18589    77.66858
 55      2     134      0.05668     3.05919     120.53666    9.65472     77.79252    123.48615    10.46599    77.82390
 56      2     33      0.06697     0.76233     125.02808    13.18589     77.66858    124.82776    13.92142    77.66751
 57      2     138      0.06242     0.46450     121.03059    7.96722     77.80333    120.89991    8.41295    77.80006
 58      2     27      0.05513     0.43491     124.25329    10.22551     77.86096    124.13477    10.64387    77.85231
 59      2     41      0.06380     0.15573     120.86910    8.50362     77.67725    120.89991    8.41295    77.80006
 60      2     29      0.06420     0.16351     121.03059    7.96722     77.80333    121.03586    7.96091    77.96664
 61      2     141      0.05815     0.54968     120.50577    7.81548     77.96846    121.03586    7.96091    77.96664
 62      2     202      0.05668     0.67317     123.48615    10.46599     77.82390    124.13477    10.64387    77.85231
 63      2     203      0.06242     1.29383     120.89991    8.41295     77.80006    120.53666    9.65472    77.79252
 64      2     204      0.05815     1.75715     121.03586    7.96091     77.96664    122.73038    8.42580    77.96080
 65      3      4      0.05133     0.69924     124.75124    2.69437     77.62178    125.42042    2.89717    77.61730
 66      3     175      0.03556     0.24364     125.42042    2.89717     77.61730    125.34976    3.13034    77.61792
 67      3     47      0.06262     0.18775     124.75124    2.69437     77.62178    124.70101    2.87512    77.62948
 68      3     165      0.05260     0.18464     126.31013    3.16969     77.41872    126.31025    3.16683    77.60334
 69      3     97      0.01979     0.19531     125.35200    3.13154     77.42263    125.34976    3.13034    77.61792
 70      3      6      0.05386     0.19409     126.36411    2.98328     77.41579    126.31013    3.16969    77.41872
 71      3     166      0.04487     0.38993     126.19428    3.56971     77.42500    125.82064    3.46111    77.45045
 72      3     51      0.05198     0.20054     126.36411    2.98328     77.41579    126.34679    2.97063    77.61518
 73      3     88      0.03587     0.11121     125.80866    3.44623     77.34090    125.82064    3.46111    77.45045
 74      3     140      0.05282     1.37662     124.65108    2.44552     77.62840    125.96629    2.85196    77.61923
 75      3     73      0.03689     0.07321     125.74664    3.42885     77.30610    125.80866    3.44623    77.34090
 76      3     146      0.03794     0.74511     124.96746    3.19101     77.33469    125.67994    3.40863    77.34922
 77      3     176      0.03571     0.12118     125.96629    2.85196     77.61923    125.93101    2.96563    77.59647
 78      3     17      0.05565     0.42458     124.65108    2.44552     77.62840    124.52422    2.85064    77.62175
 79      3     40      0.04388     0.18786     125.67994    3.40863     77.34922    125.58882    3.57268    77.34052
 80      3     159      0.03617     5.94286     124.96746    3.19101     77.33469    123.23155    8.87459    77.30212
 81      3     105      0.01861     0.25145     125.88257    2.90570     77.35712    125.93101    2.96563    77.59647
 82      3     68      0.03693     0.38313     123.23155    8.87459     77.30212    123.18912    8.85714    77.68249
 83      3     151      0.03430     0.68252     123.18912    8.85714     77.68249    123.84869    9.02175    77.74341
 84      3     74      0.03134     0.25662     123.84869    9.02175     77.74341    123.77830    9.26807    77.75840
 85      3     205      0.05133     0.92990     125.42042    2.89717     77.61730    126.31025    3.16683    77.60334
 86      3     206      0.05386     0.41651     126.31013    3.16969     77.41872    126.19428    3.56971    77.42500
 87      3     207      0.05386     0.17783     126.19428    3.56971     77.42500    126.14301    3.73997    77.42748
 88      3     208      0.05282     0.39859     125.96629    2.85196     77.61923    126.34679    2.97063    77.61518
 89      3     209      0.03794     0.13436     125.67994    3.40863     77.34922    125.80866    3.44623    77.34090
 90      3     210      0.03617     0.16685     123.23155    8.87459     77.30212    123.18272    9.03341    77.31730
 91      4      5      0.05302     1.29894     127.16640    4.58043     77.46833    126.81234    5.83016    77.46271
 92      4     34      0.05554     0.19276     126.81234    5.83016     77.46271    126.79633    5.81886    77.65447
 93      4     130      0.05666     1.44493     121.41018    4.26409     77.65540    122.79858    4.66431    77.65514
 94      4     15      0.06511     0.19120     122.78022    4.65467     77.46507    122.79858    4.66431    77.65514
 95      4     133      0.06103     0.21313     123.54012    2.19709     77.45513    123.47710    2.40069    77.45596
 96      4     49      0.07011     0.12691     123.02164    3.90591     77.39347    122.98081    4.00427    77.46249
 97      4     167      0.05178     0.16486     123.47710    2.40069     77.45596    123.48413    2.40353    77.29127
 98      4     169      0.05666     0.15961     123.35841    2.78420     77.45752    123.35691    2.78309    77.61712
 99      4      7      0.04252     1.15626     122.36512    2.11724     77.23856    123.48413    2.40353    77.29127
100      4     10      0.05229     0.71006     123.35691    2.78309     77.61712    124.03795    2.98386    77.62493
101      4     211      0.05666     4.16113     122.79858    4.66431     77.65514    126.79633    5.81886    77.65447
102      4     212      0.06103     0.40147     123.47710    2.40069     77.45596    123.35841    2.78420    77.45752
103      4     213      0.06103     1.27717     123.35841    2.78420     77.45752    122.98081    4.00427    77.46249
104      4     214      0.06103     0.68063     122.98081    4.00427     77.46249    122.78022    4.65467    77.46507
105      5      9      0.05463     0.92591     127.15827    4.61378     77.80489    126.89884    5.50252    77.79248
106      6     12      0.05464     0.54693     126.31934    3.22093     77.76740    126.14761    3.74016    77.76036
107      7     13      0.07056     0.42340     121.05520    5.14497     77.48596    120.97615    5.46101    77.75639
108      7     129      0.07185     2.24868     122.07136    1.74334     77.49096    121.42623    3.89749    77.48786
109      7     126      0.06748     3.28849     120.97615    5.46101     77.75639    120.07950    8.62446    77.70386
110      7     170      0.06527     0.21964     121.42623    3.89749     77.48786    121.41603    3.89412    77.26848
111      7     20      0.05816     0.23673     120.07950    8.62446     77.70386    120.05780    8.62484    77.93959
112      7     16      0.05869     0.28768     121.14480    3.79859     77.27701    121.41603    3.89412    77.26848
113      7     120      0.05785     2.13262     110.97603    5.99524     77.93986    113.02471    6.58769    77.93978
114      7     148      0.06189     0.42593     121.26296    3.38938     77.27876    121.14480    3.79859    77.27701
115      7     43      0.05678     0.12556     119.08516    8.43252     77.85059    119.10825    8.34697    77.93955
116      7     182      0.05509     0.08032     116.03752    7.45896     77.93966    116.03722    7.45997    77.85935
117      7     183      0.05516     0.07753     113.02471    6.58769     77.93978    113.02394    6.59031    77.86230
118      7     55      0.05752     0.24790     110.92614    5.98517     77.69724    110.97603    5.99524    77.93986
119      7     30      0.05629     0.23096     120.89095    3.27761     77.27486    121.11214    3.34404    77.27622
120      7     147      0.05571     0.63847     119.08516    8.43252     77.85059    118.92109    9.04955    77.84943
121      7     144      0.05232     0.98793     116.03722    7.45997     77.85935    115.77298    8.41165    77.83720
122      7     145      0.05247     0.71239     113.02394    6.59031     77.86230    112.81511    7.27140    77.86149
123      7     131      0.05664     0.39921     111.70315    3.20893     77.71006    111.59556    3.59336    77.70829
124      7     184      0.05642     0.17459     121.11214    3.34404     77.27622    121.11403    3.33420    77.45052
125      7     171      0.04959     0.09457     120.89212    3.27567     77.18032    120.89095    3.27761    77.27486
126      7     101      0.02212     0.48547     115.76450    8.41282     77.35181    115.77298    8.41165    77.83720
127      7     181      0.05649     0.10214     111.59556    3.59336     77.70829    111.59591    3.59393    77.81043
128      7     63      0.05976     0.31031     109.83909    8.71796     77.68828    110.13780    8.80185    77.68329
129      7     152      0.05655     0.37434     121.11403    3.33420     77.45052    121.01833    3.69546    77.47196
130      7     137      0.04289     1.47786     121.29959    1.85550     77.21445    120.89212    3.27567    77.18032
131      7     124      0.05634     8.39628     111.59591    3.59393     77.81043    119.65828    5.93795    77.77467
132      7     93      0.04024     0.15960     120.47593    4.15505     77.18379    120.62732    4.19857    77.15814
133      7     78      0.04909     0.19987     120.14984    5.13948     77.14732    120.34095    5.19706    77.13679
134      7     21      0.06046     0.50928     119.82403    5.45641     77.77864    119.65828    5.93795    77.77467
135      7     215      0.07185     1.30149     121.42623    3.89749     77.48786    121.05520    5.14497    77.48596
136      7     216      0.05785     3.13626     113.02471    6.58769     77.93978    116.03752    7.45896    77.93966
137      7     217      0.05785     3.19656     116.03752    7.45896     77.93966    119.10825    8.34697    77.93955
138      7     218      0.05785     0.98937     119.10825    8.34697     77.93955    120.05780    8.62484    77.93959
139      7     219      0.05629     0.15751     121.11214    3.34404     77.27622    121.26296    3.38938    77.27876
140      7     220      0.05664     2.48374     111.59556    3.59336     77.70829    110.92614    5.98517    77.69724
141      7     221      0.05664     2.92495     110.92614    5.98517     77.69724    110.13780    8.80185    77.68329
142      7     222      0.04289     0.96040     120.89212    3.27567     77.18032    120.62732    4.19857    77.15814
143      7     223      0.04289     1.03896     120.62732    4.19857     77.15814    120.34095    5.19706    77.13679
144      8     18      0.05372     0.50233     123.10622    1.36617     77.42710    122.96688    1.84854    77.44274
145      8     19      0.05429     0.56404     122.96688    1.84854     77.44274    123.50326    2.02200    77.46165
146      9     23      0.05304     0.72399     124.79647    13.33458     77.64597    124.60273    14.03200    77.66149
147      9     72      0.05716     0.11515     124.69819    13.27463     77.64318    124.79647    13.33458    77.64597
148     10     25      0.05368     0.38550     123.23680    8.76917     78.18406    123.14271    9.14286    78.19457
149     10     48      0.05076     0.34046     123.25624    8.74561     77.84497    123.23680    8.76917    78.18406
150     10     28      0.05295     0.23446     123.30252    8.55916     77.97936    123.25624    8.74561    77.84497
151     10     31      0.05385     0.38280     123.25624    8.74561     77.84497    123.13512    9.10790    77.86974
152     11     32      0.03465     0.36458     122.68491    8.07444     77.39975    123.03580    8.17337    77.39791
153     12     36      0.04789     0.31874     124.59564    14.65288     77.22352    124.59232    14.65432    77.54223
154     12     103      0.05193     0.15956     124.59564    14.65288     77.22352    124.56576    14.80944    77.23083
155     12     172      0.04941     0.14301     124.55364    14.79200     77.54173    124.59232    14.65432    77.54223
156     12     150      0.05092     0.17566     124.38455    14.74449     77.53932    124.55364    14.79200    77.54173
157     12     70      0.05198     0.12327     124.38455    14.74449     77.53932    124.41917    14.73357    77.65713
158     12     224      0.05092     0.54692     124.55364    14.79200     77.54173    125.08078    14.93759    77.54878
159     13     38      0.04209     0.21353     118.21702    8.64095     77.70681    118.24807    8.64263    77.91806
160     13     136      0.03716     4.09066     111.05905    6.57060     77.69559    114.99025    7.70162    77.70158
161     13     83      0.04419     0.16997     118.04250    8.57976     77.70623    118.00624    8.73842    77.75524
162     13     84      0.04395     0.15972     114.99025    7.70162     77.70158    114.94702    7.84518    77.75664
163     13     154      0.04335     0.20325     111.01209    6.55324     77.49861    111.05905    6.57060    77.69559
164     13     155      0.03641     0.46542     110.56513    6.42399     77.48660    111.01209    6.55324    77.49861
165     13     225      0.03716     3.17606     114.99025    7.70162     77.70158    118.04250    8.57976    77.70623
166     13     226      0.03716     0.18494     118.04250    8.57976     77.70623    118.21702    8.64095    77.70681
167     14     39      0.05166     0.23823     120.74257    3.22607     77.61250    120.97264    3.28763    77.60660
168     14     174      0.05469     0.17790     120.74699    3.22661     77.79034    120.74257    3.22607    77.61250
169     14     173      0.05562     0.14096     120.97592    3.28889     77.74751    120.97264    3.28763    77.60660
170     14     158      0.05772     1.74546     121.23458    1.55065     77.78336    120.74699    3.22661    77.79034
171     14     121      0.05958     1.74024     121.46062    1.61752     77.75124    120.97592    3.28889    77.74751
172     14     42      0.05318     0.32954     119.88400    6.19289     77.80271    119.88244    6.22632    78.13055
173     14     127      0.06230     3.42205     119.88244    6.22632     78.13055    123.16700    7.18653    78.13931
174     14     91      0.05567     0.18042     123.21040    7.19435     77.96436    123.16700    7.18653    78.13931
175     14     227      0.05772     3.08929     120.74699    3.22661     77.79034    119.88400    6.19289    77.80271
176     14     228      0.05772     5.39891     119.88400    6.19289     77.80271    118.37581    11.37682    77.82432
177     14     229      0.05958     8.38980     120.97592    3.28889     77.74751    118.63912    11.34667    77.72952
178     15     44      0.04874     0.66980     120.33475    12.77404     77.73886    120.97161    12.98132    77.74789
179     16     45      0.06163     0.38096     123.74092    2.64896     77.61520    124.10539    2.75912    77.62748
180     17     50      0.03519     0.42687     122.93567    9.56555     77.51471    122.79725    9.96934    77.51758
181     17     143      0.04179     1.90506     122.79725    9.96934     77.51758    124.62075    10.49894    77.67142
182     18     54      0.04196     0.39601     124.73309    14.82091     77.22080    125.11314    14.93220    77.22209
183     19     58      0.04434     0.30287     124.00161    1.70500     77.32897    123.91550    1.99532    77.32404
184     20     59      0.02379     0.63653     114.67138    8.77474     77.78920    114.50326    9.38866    77.78915
185     21     60      0.05836     0.17537     111.51813    3.81034     78.09895    111.56748    3.80171    78.26701
186     21     71      0.06084     0.27596     111.32145    3.75988     78.28582    111.51813    3.81034    78.09895
187     22     62      0.03054     0.19060     119.46547    9.77747     77.82738    119.64704    9.83545    77.82738
188     22     75      0.03114     0.29989     119.46547    9.77747     77.82738    119.45434    9.77410    78.12705
189     22     115      0.03305     0.06320     119.64704    9.83545     77.82738    119.65962    9.89698    77.83441
190     23     65      0.02418     0.50769     119.66006    8.98125     78.14937    120.14710    9.12454    78.14683
191     24     81      0.02196     0.20176     126.34626    2.30294     77.85410    126.33875    2.30157    78.05572
192     25     90      0.02844     0.30265     117.36877    8.61936     78.23105    117.66105    8.69738    78.22204
193     26     95      0.01834     0.22632     125.26492    8.47660     77.74289    125.28763    8.47668    77.96807
194     27     104      0.02507     0.20746     126.01165    3.42823     77.84916    125.94809    3.62456    77.87037
195     28     142      0.03122     3.93248     123.62634    7.36123     78.27280    127.39977    8.46823    78.28199
196     29     160      0.03395     2.77743     121.37872    11.45215     77.75072    124.04808    12.21935    77.74356
197     30     162      0.02214     1.86944     124.29542    2.38065     77.88547    123.75760    4.17102    77.87390
198     31     163      0.02733     0.98817     124.21357    6.87072     78.03839    123.94533    7.82176    78.04523
